$ANSIBLE_VAULT;1.1;AES256
62373565346165323665303662613632616166663034353136353561316433646239646539356362
6337346336636337663666656365386331616139653364340a313561313839386564656562636333
36646363323237653662633633633735393239316237636330326166336261373461383038393131
3436376363353262300a633236663538613638616637616236386338366330623066666263636432
32373365323931656133666365396132363130616461336638303531643331343935363035366662
37663765323835616339376332343330346166346239393766393838306465613936653438383133
32393635356233313931303131626433643232623336333266616361623536326332326636656539
64326434663334633434313663653234616566343136353331653565343039313036643165666634
62643432386563346364316537383463323437363664623335623165353362636562383938303362
63633561666266333239323162633230623864353865353935343165336561646162623231666236
66643265356538363961613535376261333232323532653231303332376531386335626237363862
36343333393635666135663262386164666262343266333130623036383733336561393163393062
36356336313961636536353634336434363534376563383964313434646230643932373163613063
33616333396436623732333065323136613266636362303839353665373862623661613730323936
62373035373034313336643935363434313937303734356264333861613131643161383836386663
63346638316435333831393561373161646331333933316436353639663131353630626533333934
35353461346330633839323161313237653635623232656337333237373362386264623431373332
62663865346238326638303431343164316238373065343362633964306138306634616536323237
36366138633033626566623233623862343538653861313863653630386338366462626531363363
36656230343563353664356135663264333864343334653737373461633366323665366431396531
65633432376666633639623161366535373037363465323837633434346139323735343930393333
37643036663263376164366561316139613833623132313961653739623830316536383163303666
32306532653764663834303461316163383630613237313462373932373238316135616135333033
33313036613464303162646566316333323136393630643231613339353362623135623664656664
39333564383934653038353662333461326436383439653138373265376464313137343832616666
35333165613132656332326666643734656233356365663637313132383735363330393765313139
63373637363662663233373835363261386535393733346263326665616131393033663336393864
65326336633062363437313761633337633732326130306663356636396132623236326231343434
63333036643036636564343632363063633766633861356263353330306238643739323239333230
63313361303434343138663265303032313037636236616363353639306662336133646333623235
38373639356565316530633036363064323164653861303537656336373732323239656633663063
34363466363633626133663565386564666537666430623336366437643331316634326362356434
35646162636333306339636235613632623763646238393664323836343736306330323131646636
3539653335363964633738366235653736353562313535386630
