$ANSIBLE_VAULT;1.1;AES256
66336164336462616137343162303932346434316535393464653163393164396163326238646635
6339623539326534663761353032323963616466396233630a393635323338656536306163353661
64306463363162633932393038623139663036666136643134363734313533313035613265316331
3538643165383765310a353734346165643966636462663939373835653730326634323439633835
31303461313539613037626530666537653939306639633963643339363539313761333433633831
61353738653764623938353963383536363562313630623261313434633161613436353264656161
63656439313266663036653664653365623963323361316639323935336236663938313561616130
34346136346132626538343531613263643437346264366264383466633135326339356263396333
61383166376134633430356335333061376664333864333332363563616664623135663764643461
64383236373364613264363333393139346630333337366634396639363463623832643739643031
33313839633261316562663635363332336137623639363764386463616236343430393835636330
30663534626638393763633061663161613030626130663136613934653934653863663234656363
31633638303364326234646131666530633237613831326236646631386165323135376261313133
38646664663466656165623263363834616238346339656462363261623233323662636333303765
36313935393263363462383632316334356661633939386162303436343535343230326435313038
34303162303134306139336133303665623833393662623662333935316331666536653938633839
38633365323565623235366161613230613531326362356331636136653138363965393230346238
39386232323335653662383137613833343538353337396663646434646530663639323633356430
34653064663036343762306666343965643265646338393662633335353735373761636163636132
31643566306638303935363238666566633032333933346435623265373831653166316238383734
66326236353931393735333563393762663635356562396433643963643966633030346238303834
32336430663530373437383931373532383337666131323838306538326463306330353737633834
663532663361366230366432373731633361
