$ANSIBLE_VAULT;1.1;AES256
39373332636335626238636562643035626637383935666165316135616337353936316266343262
3031626632386364363332386632626431653065356161370a336663633063356662376233356235
34623965643163663735646563633036653766343262643266323266366461363535646336373566
3262646232343734370a613166626630643561303639613631323335353961626361366534613666
64383464373931393533353164653231663531373362353835343937346634643566373562386332
35356662666339656364653964333365666166363464343161333064336534326163636661366538
32333038313432633431356537333065306135633131623835356236666538346662306638376238
61633639663338353536643330316163306536363365626333666165373437663638643238316531
62373631663366303130623363626362646564326232623061313639363264633963353037656130
61613165353264623664313139326430633739646434633264363262653363313330326166666431
35666566396634333235393337346663653263616564383464346335323131366531303264643865
30346336643932613938633132396362393135323635393263306138316435396366353064336132
37323435346562396662336230356538643561363537643031313336386231396633653738383530
34396562623430333862663264396162306436393066633936346539346538623464383466356664
64393039653866633063346261656634373062306362656631306130393265643832323863653538
61393063313132346532383836373133663437353333323636623661386138313333326465373336
62313133616134333037633834666335636435616431373362366464343430636630363136343961
36613337333238373737303230313964366464336431343034366266373438373533653037383234
66306137306262653865623832353635383664633262646563623537613039616463666563363939
31373835396431303162316131313762343766363866346530653761376131303464373862383335
39323866383962393832356461316432343861653938313832643764663264346330393735303034
61336266346339313538626230323732326362386130373638396332663830323266393863363636
66346263666264323938623430353536643366353538646461353135346164383665623533653865
62386334643937616134623666643731653766616663313331613462643038616265636661636262
38656365376337383137663432313566316532313262303332363835396231383335323432633832
38313961613261666236666666633739326436373430363032313266313837303962326535313838
63646265353639666338373861616233346464653265656364386563663236313461363364303365
31386661666563386435646235626561626666333733633230663030663033623137313035636365
37326262333934643438663439393938376564393762396539393265633331393036306364383232
6137313834343137386164623636326665353334363061633461
